0 21 22 15 25 
1 0 21 22 15 25 2 12 3 4 17 5 13 10 6 7 8 11 16 9 14 18 19 20 23 24 26 27 28 
2 1 0 21 22 15 25 3 4 17 5 13 10 6 7 8 11 16 9 12 14 18 19 20 23 24 26 27 28 
3 0 21 22 15 25 1 2 12 4 17 5 13 10 6 7 8 11 16 9 14 18 19 20 23 24 26 27 28 
4 17 
5 13 0 21 22 15 25 1 2 12 3 4 17 6 7 8 11 16 9 10 14 18 19 20 23 24 26 27 28 
6 1 0 21 22 15 25 2 12 3 4 17 5 13 10 7 8 11 16 9 14 18 19 20 23 24 26 27 28 
7 0 21 22 15 25 1 2 12 3 4 17 5 13 10 6 8 11 16 9 14 18 19 20 23 24 26 27 28 
8 2 1 0 21 22 15 25 3 4 17 5 13 10 6 7 9 11 12 14 16 18 19 20 23 24 26 27 28 
9 11 13 
10 0 21 22 15 25 1 2 12 3 4 17 5 13 24 26 9 11 6 7 8 16 14 18 19 20 23 27 28 
11 13 
12 0 21 22 15 25 1 2 16 3 4 17 5 13 10 6 7 8 11 9 14 18 19 20 23 24 26 27 28 
13 
14 15 
15 
16 0 21 22 15 25 1 2 12 3 4 17 5 13 10 6 7 8 11 9 14 18 19 20 23 24 26 27 28 
17 
18 
19 
20 13 
21 22 
22 21 
23 12 0 21 22 15 25 1 2 16 3 4 17 5 13 10 6 7 8 11 9 14 18 19 20 24 26 27 28 
24 
25 
26 
27 
28 
